   0.000000E+00   0.000000E+00   0.000000E+00
   0.400000E-03   0.479186E-01   0.505082E-03
   0.800000E-03   0.117714E+00   0.125500E-02
   0.120000E-02   0.239444E+00   0.259311E-02
   0.160000E-02   0.397844E+00   0.432210E-02
   0.200000E-02   0.600881E+00   0.655862E-02
   0.240000E-02   0.844467E+00   0.923467E-02
   0.280000E-02   0.113391E+01   0.124415E-01
   0.320000E-02   0.147529E+01   0.162491E-01
   0.360000E-02   0.187507E+01   0.207274E-01
   0.400000E-02   0.233653E+01   0.258979E-01
   0.440000E-02   0.285975E+01   0.317376E-01
   0.480000E-02   0.344256E+01   0.382318E-01
   0.520000E-02   0.408602E+01   0.454343E-01
   0.560000E-02   0.479826E+01   0.535226E-01
   0.600000E-02   0.559849E+01   0.627363E-01
   0.640000E-02   0.650802E+01   0.732835E-01
   0.680000E-02   0.754318E+01   0.853899E-01
   0.720000E-02   0.872743E+01   0.995415E-01
   0.760000E-02   0.101061E+02   0.116343E+00
   0.800000E-02   0.117257E+02   0.136190E+00
   0.840000E-02   0.136387E+02   0.160132E+00
   0.880000E-02   0.159264E+02   0.189827E+00
   0.920000E-02   0.187343E+02   0.229220E+00
   0.960000E-02   0.224302E+02   0.293464E+00
   0.100000E-01   0.282334E+02   0.444610E+00
   0.104000E-01   0.405182E+02   0.793441E+00
   0.108000E-01   0.682056E+02   0.122109E+01
   0.112000E-01   0.109502E+03   0.150279E+01
   0.116000E-01   0.141239E+03   0.159935E+01
   0.120000E-01   0.160720E+03   0.153415E+01
   0.124000E-01   0.143102E+03   0.116547E+01
   0.128000E-01   0.114214E+03   0.869371E+00
   0.132000E-01   0.904632E+02   0.670759E+00
   0.136000E-01   0.718859E+02   0.531655E+00
   0.140000E-01   0.581771E+02   0.451137E+00
   0.144000E-01   0.490856E+02   0.420131E+00
   0.148000E-01   0.442015E+02   0.416500E+00
   0.152000E-01   0.422904E+02   0.420622E+00
   0.156000E-01   0.419857E+02   0.422297E+00
   0.160000E-01   0.419439E+02   0.417237E+00
   0.164000E-01   0.418832E+02   0.411873E+00
   0.168000E-01   0.410358E+02   0.400814E+00
   0.172000E-01   0.398361E+02   0.426152E+00
   0.176000E-01   0.403177E+02   0.530995E+00
   0.180000E-01   0.444488E+02   0.722273E+00
   0.184000E-01   0.559578E+02   0.884869E+00
   0.188000E-01   0.731512E+02   0.895177E+00
   0.192000E-01   0.903361E+02   0.825685E+00
   0.196000E-01   0.915976E+02   0.656349E+00
   0.200000E-01   0.795767E+02   0.465236E+00
   0.204000E-01   0.613717E+02   0.319783E+00
   0.208000E-01   0.446588E+02   0.233824E+00
   0.212000E-01   0.320237E+02   0.188818E+00
   0.216000E-01   0.240852E+02   0.165697E+00
   0.220000E-01   0.195698E+02   0.152385E+00
   0.224000E-01   0.170711E+02   0.138501E+00
   0.228000E-01   0.156973E+02   0.122101E+00
   0.232000E-01   0.142259E+02   0.106064E+00
   0.236000E-01   0.125592E+02   0.902172E-01
   0.240000E-01   0.115001E+02   0.643971E-01
   0.244000E-01   0.897066E+01   0.500200E-01
   0.248000E-01   0.669435E+01   0.419438E-01
   0.252000E-01   0.528177E+01   0.373813E-01
   0.256000E-01   0.440935E+01   0.351805E-01
   0.260000E-01   0.390797E+01   0.353849E-01
   0.264000E-01   0.368953E+01   0.363836E-01
   0.268000E-01   0.350583E+01   0.374147E-01
   0.272000E-01   0.354675E+01   0.412681E-01
   0.276000E-01   0.376414E+01   0.487449E-01
   0.280000E-01   0.413061E+01   0.596482E-01
   0.284000E-01   0.469516E+01   0.708573E-01
   0.288000E-01   0.551233E+01   0.783276E-01
   0.292000E-01   0.651297E+01   0.781851E-01
   0.296000E-01   0.727860E+01   0.738968E-01
   0.300000E-01   0.755718E+01   0.686805E-01
   0.304000E-01   0.759648E+01   0.648568E-01
   0.308000E-01   0.744815E+01   0.589122E-01
   0.312000E-01   0.694615E+01   0.523426E-01
   0.316000E-01   0.625564E+01   0.470838E-01
   0.320000E-01   0.556976E+01   0.429733E-01
   0.324000E-01   0.498157E+01   0.396305E-01
   0.328000E-01   0.451487E+01   0.368162E-01
   0.332000E-01   0.414090E+01   0.343969E-01
   0.336000E-01   0.383213E+01   0.322759E-01
   0.340000E-01   0.357070E+01   0.303850E-01
   0.344000E-01   0.334373E+01   0.286770E-01
   0.348000E-01   0.314353E+01   0.271284E-01
   0.352000E-01   0.296379E+01   0.257358E-01
   0.356000E-01   0.280101E+01   0.244982E-01
   0.360000E-01   0.265362E+01   0.233936E-01
   0.364000E-01   0.252160E+01   0.223882E-01
   0.368000E-01   0.240417E+01   0.214529E-01
   0.372000E-01   0.229862E+01   0.205894E-01
   0.376000E-01   0.220160E+01   0.198139E-01
   0.380000E-01   0.211118E+01   0.191164E-01
   0.384000E-01   0.202860E+01   0.184668E-01
   0.388000E-01   0.195464E+01   0.178320E-01
   0.392000E-01   0.188758E+01   0.171965E-01
   0.396000E-01   0.182401E+01   0.165605E-01
   0.400000E-01   0.176116E+01   0.159100E-01
   0.404000E-01   0.169850E+01   0.151952E-01
   0.408000E-01   0.163585E+01   0.143888E-01
   0.412000E-01   0.157125E+01   0.134811E-01
   0.416000E-01   0.149947E+01   0.125393E-01
   0.420000E-01   0.141416E+01   0.115268E-01
   0.424000E-01   0.132463E+01   0.101877E-01
   0.428000E-01   0.123707E+01   0.847541E-02
   0.432000E-01   0.113288E+01   0.660467E-02
   0.436000E-01   0.993376E+00   0.490878E-02
   0.440000E-01   0.809481E+00   0.391829E-02
   0.444000E-01   0.614015E+00   0.326121E-02
   0.447999E-01   0.472582E+00   0.288954E-02
   0.451999E-01   0.375609E+00   0.255746E-02
   0.455999E-01   0.322925E+00   0.223679E-02
   0.460000E-01   0.284774E+00   0.197139E-02
   0.464000E-01   0.250532E+00   0.175844E-02
   0.468000E-01   0.219957E+00   0.163761E-02
   0.471999E-01   0.193191E+00   0.158958E-02
   0.475999E-01   0.173363E+00   0.162982E-02
   0.479999E-01   0.160709E+00   0.172061E-02
   0.484000E-01   0.158019E+00   0.185141E-02
   0.488000E-01   0.162114E+00   0.203534E-02
   0.491999E-01   0.171312E+00   0.225558E-02
   0.495999E-01   0.184376E+00   0.253333E-02
   0.499999E-01   0.201237E+00   0.283317E-02
   0.503999E-01   0.224713E+00   0.315642E-02
   0.507999E-01   0.251703E+00   0.350170E-02
   0.511999E-01   0.281449E+00   0.386714E-02
   0.515999E-01   0.313291E+00   0.426446E-02
   0.519999E-01   0.347083E+00   0.470549E-02
   0.523999E-01   0.383161E+00   0.522491E-02
   0.527999E-01   0.421581E+00   0.584896E-02
   0.531999E-01   0.463968E+00   0.654052E-02
   0.535999E-01   0.513360E+00   0.717424E-02
   0.539999E-01   0.574156E+00   0.756749E-02
   0.543999E-01   0.646776E+00   0.748551E-02
   0.547999E-01   0.717540E+00   0.684566E-02
   0.551999E-01   0.764785E+00   0.562392E-02
   0.555999E-01   0.768805E+00   0.405333E-02
   0.559999E-01   0.712164E+00   0.246602E-02
   0.563999E-01   0.592299E+00   0.121980E-02
   0.567999E-01   0.427737E+00   0.455973E-03
   0.571999E-01   0.256195E+00   0.136192E-03
   0.575999E-01   0.121740E+00   0.258823E-04
   0.579999E-01   0.450543E-01   0.291420E-05
   0.583999E-01   0.126639E-01   0.275763E-06
   0.587999E-01   0.231806E-02   0.159758E-07
   0.591999E-01   0.243041E-03   0.384041E-08
   0.595999E-01   0.165548E-04   0.301163E-07
   0.599999E-01   0.853946E-06   0.198050E-06
   0.603999E-01   0.566089E-07   0.103249E-05
   0.607999E-01   0.462966E-06   0.437735E-05
   0.611999E-01   0.356025E-05   0.192507E-04
   0.615999E-01   0.210231E-04   0.704109E-04
   0.619999E-01   0.101128E-03   0.208206E-03
   0.623999E-01   0.442702E-03   0.502794E-03
   0.627999E-01   0.224669E-02   0.101579E-02
   0.631999E-01   0.921230E-02   0.179044E-02
   0.635999E-01   0.285855E-01   0.282960E-02
   0.639999E-01   0.695842E-01   0.416340E-02
   0.643999E-01   0.137565E+00   0.584243E-02
   0.647999E-01   0.231580E+00   0.791678E-02
   0.651999E-01   0.348732E+00   0.103818E-01
   0.655999E-01   0.493374E+00   0.130609E-01
   0.659999E-01   0.680581E+00   0.157068E-01
   0.663999E-01   0.918702E+00   0.180910E-01
   0.667999E-01   0.119449E+01   0.201646E-01
   0.671999E-01   0.147491E+01   0.219778E-01
   0.675999E-01   0.172542E+01   0.235033E-01
   0.679999E-01   0.193323E+01   0.248897E-01
   0.683999E-01   0.211372E+01   0.257452E-01
   0.687999E-01   0.229204E+01   0.260298E-01
   0.691999E-01   0.245259E+01   0.259641E-01
   0.695999E-01   0.255505E+01   0.254999E-01
   0.699999E-01   0.258751E+01   0.250244E-01
   0.703999E-01   0.259322E+01   0.246461E-01
   0.707999E-01   0.257397E+01   0.238420E-01
   0.711999E-01   0.251924E+01   0.226946E-01
   0.715999E-01   0.245343E+01   0.212878E-01
   0.719999E-01   0.236590E+01   0.197605E-01
   0.723999E-01   0.225647E+01   0.183199E-01
   0.727999E-01   0.212768E+01   0.171282E-01
   0.731999E-01   0.198927E+01   0.161649E-01
   0.735999E-01   0.185455E+01   0.152756E-01
   0.739999E-01   0.174222E+01   0.143737E-01
   0.743999E-01   0.165338E+01   0.134663E-01
   0.747999E-01   0.157605E+01   0.127187E-01
   0.751999E-01   0.150127E+01   0.122071E-01
   0.755999E-01   0.142417E+01   0.119497E-01
   0.759999E-01   0.134649E+01   0.118547E-01
   0.763999E-01   0.127819E+01   0.117927E-01
   0.767999E-01   0.122753E+01   0.114804E-01
   0.771999E-01   0.119762E+01   0.110547E-01
   0.775999E-01   0.118417E+01   0.109957E-01
   0.779999E-01   0.117927E+01   0.117927E-05
   0.783999E-01   0.116847E+01   0.116847E-05
   0.787999E-01   0.113350E+01   0.113350E-05
   0.791999E-01   0.111071E+01   0.111071E-05
   0.795999E-01   0.111071E+01   0.111071E-05
   0.799999E-01   0.000000E+00   0.000000E+00
