   0.000000E+00   0.000000E+00   0.000000E+00
   0.400000E-03   0.559628E-01   0.592012E-03
   0.800000E-03   0.141224E+00   0.151080E-02
   0.120000E-02   0.278530E+00   0.302069E-02
   0.160000E-02   0.462783E+00   0.504537E-02
   0.200000E-02   0.695647E+00   0.761513E-02
   0.240000E-02   0.977343E+00   0.107256E-01
   0.280000E-02   0.131182E+01   0.144493E-01
   0.320000E-02   0.171746E+01   0.190323E-01
   0.360000E-02   0.219502E+01   0.243820E-01
   0.400000E-02   0.274457E+01   0.305522E-01
   0.440000E-02   0.336421E+01   0.374639E-01
   0.480000E-02   0.405121E+01   0.451528E-01
   0.520000E-02   0.481182E+01   0.536992E-01
   0.560000E-02   0.566072E+01   0.634959E-01
   0.600000E-02   0.663465E+01   0.748174E-01
   0.640000E-02   0.775042E+01   0.878187E-01
   0.680000E-02   0.903021E+01   0.103138E+00
   0.720000E-02   0.105320E+02   0.121369E+00
   0.760000E-02   0.123023E+02   0.143020E+00
   0.800000E-02   0.143877E+02   0.168900E+00
   0.840000E-02   0.168827E+02   0.201311E+00
   0.880000E-02   0.199954E+02   0.244585E+00
   0.920000E-02   0.241064E+02   0.312588E+00
   0.960000E-02   0.306735E+02   0.499515E+00
   0.100000E-01   0.461116E+02   0.924761E+00
   0.104000E-01   0.810763E+02   0.139244E+01
   0.108000E-01   0.127142E+03   0.163373E+01
   0.112000E-01   0.165646E+03   0.170396E+01
   0.116000E-01   0.165745E+03   0.146535E+01
   0.120000E-01   0.142677E+03   0.109860E+01
   0.124000E-01   0.111581E+03   0.821887E+00
   0.128000E-01   0.860769E+02   0.641632E+00
   0.132000E-01   0.682242E+02   0.539891E+00
   0.136000E-01   0.571563E+02   0.495983E+00
   0.140000E-01   0.511697E+02   0.481370E+00
   0.144000E-01   0.487285E+02   0.475492E+00
   0.148000E-01   0.478355E+02   0.469070E+00
   0.152000E-01   0.469399E+02   0.462655E+00
   0.156000E-01   0.461718E+02   0.453633E+00
   0.160000E-01   0.453730E+02   0.449808E+00
   0.164000E-01   0.441568E+02   0.499909E+00
   0.168000E-01   0.452109E+02   0.619872E+00
   0.172000E-01   0.509076E+02   0.771687E+00
   0.176000E-01   0.610264E+02   0.875856E+00
   0.180000E-01   0.738005E+02   0.863083E+00
   0.184000E-01   0.869008E+02   0.817435E+00
   0.188000E-01   0.884590E+02   0.672369E+00
   0.192000E-01   0.795023E+02   0.477285E+00
   0.196000E-01   0.640303E+02   0.326162E+00
   0.200000E-01   0.489973E+02   0.229813E+00
   0.204000E-01   0.360999E+02   0.178182E+00
   0.208000E-01   0.269553E+02   0.155611E+00
   0.212000E-01   0.212622E+02   0.141219E+00
   0.216000E-01   0.176902E+02   0.121766E+00
   0.220000E-01   0.156055E+02   0.989096E-01
   0.224000E-01   0.140389E+02   0.834348E-01
   0.228000E-01   0.124892E+02   0.692652E-01
   0.232000E-01   0.111000E+02   0.466435E-01
   0.236000E-01   0.923616E+01   0.345053E-01
   0.240000E-01   0.686614E+01   0.278731E-01
   0.244000E-01   0.486198E+01   0.247209E-01
   0.248000E-01   0.365813E+01   0.243530E-01
   0.252000E-01   0.298330E+01   0.259111E-01
   0.256000E-01   0.264940E+01   0.272376E-01
   0.260000E-01   0.239570E+01   0.294038E-01
   0.264000E-01   0.243128E+01   0.350021E-01
   0.268000E-01   0.257728E+01   0.427645E-01
   0.272000E-01   0.283605E+01   0.500947E-01
   0.276000E-01   0.324797E+01   0.531663E-01
   0.280000E-01   0.384086E+01   0.541283E-01
   0.284000E-01   0.453053E+01   0.506103E-01
   0.288000E-01   0.503471E+01   0.462309E-01
   0.292000E-01   0.537412E+01   0.428801E-01
   0.296000E-01   0.537683E+01   0.380933E-01
   0.300000E-01   0.514314E+01   0.338830E-01
   0.304000E-01   0.470123E+01   0.306515E-01
   0.308000E-01   0.417461E+01   0.280868E-01
   0.312000E-01   0.368404E+01   0.259699E-01
   0.316000E-01   0.329059E+01   0.241680E-01
   0.320000E-01   0.298947E+01   0.226021E-01
   0.324000E-01   0.274816E+01   0.212194E-01
   0.328000E-01   0.254648E+01   0.199736E-01
   0.332000E-01   0.237395E+01   0.188512E-01
   0.336000E-01   0.222374E+01   0.178390E-01
   0.340000E-01   0.209011E+01   0.169452E-01
   0.344000E-01   0.196977E+01   0.161523E-01
   0.348000E-01   0.186071E+01   0.154346E-01
   0.352000E-01   0.176282E+01   0.147675E-01
   0.356000E-01   0.167591E+01   0.141516E-01
   0.360000E-01   0.159891E+01   0.136020E-01
   0.364000E-01   0.152908E+01   0.131102E-01
   0.368000E-01   0.146363E+01   0.126523E-01
   0.372000E-01   0.140325E+01   0.122029E-01
   0.376000E-01   0.134946E+01   0.117519E-01
   0.380000E-01   0.130146E+01   0.112994E-01
   0.384000E-01   0.125691E+01   0.108334E-01
   0.388000E-01   0.121292E+01   0.103185E-01
   0.392000E-01   0.116869E+01   0.972936E-02
   0.396000E-01   0.112465E+01   0.906789E-02
   0.400000E-01   0.107973E+01   0.837458E-02
   0.404000E-01   0.103074E+01   0.758367E-02
   0.408000E-01   0.972864E+00   0.654922E-02
   0.412000E-01   0.907738E+00   0.529622E-02
   0.416000E-01   0.843302E+00   0.403459E-02
   0.420000E-01   0.770695E+00   0.304067E-02
   0.424000E-01   0.672793E+00   0.245533E-02
   0.428000E-01   0.547246E+00   0.209358E-02
   0.432000E-01   0.414213E+00   0.184935E-02
   0.436000E-01   0.311029E+00   0.162443E-02
   0.440000E-01   0.249402E+00   0.142258E-02
   0.444000E-01   0.213166E+00   0.126296E-02
   0.447999E-01   0.188881E+00   0.115720E-02
   0.451999E-01   0.166130E+00   0.111053E-02
   0.455999E-01   0.145246E+00   0.112105E-02
   0.460000E-01   0.127943E+00   0.117616E-02
   0.464000E-01   0.115617E+00   0.126629E-02
   0.468000E-01   0.109411E+00   0.138828E-02
   0.471999E-01   0.109216E+00   0.154331E-02
   0.475999E-01   0.113637E+00   0.173188E-02
   0.479999E-01   0.121323E+00   0.194312E-02
   0.484000E-01   0.131873E+00   0.217216E-02
   0.488000E-01   0.145983E+00   0.241626E-02
   0.491999E-01   0.163657E+00   0.267880E-02
   0.495999E-01   0.183738E+00   0.296480E-02
   0.499999E-01   0.205536E+00   0.328957E-02
   0.503999E-01   0.228770E+00   0.366808E-02
   0.507999E-01   0.253571E+00   0.410056E-02
   0.511999E-01   0.280050E+00   0.456021E-02
   0.515999E-01   0.309027E+00   0.496260E-02
   0.519999E-01   0.342232E+00   0.513289E-02
   0.523999E-01   0.382663E+00   0.496425E-02
   0.527999E-01   0.431273E+00   0.438345E-02
   0.531999E-01   0.481677E+00   0.345220E-02
   0.535999E-01   0.517346E+00   0.236129E-02
   0.539999E-01   0.524464E+00   0.134190E-02
   0.543999E-01   0.488619E+00   0.587630E-03
   0.547999E-01   0.408393E+00   0.197229E-03
   0.551999E-01   0.294991E+00   0.464829E-04
   0.555999E-01   0.175534E+00   0.588221E-05
   0.559999E-01   0.818907E-01   0.334811E-06
   0.563999E-01   0.293567E-01   0.324877E-07
   0.567999E-01   0.767207E-02   0.767207E-08
   0.571999E-01   0.130787E-02   0.130787E-08
   0.575999E-01   0.127285E-03   0.434574E-07
   0.579999E-01   0.668243E-05   0.452071E-06
   0.583999E-01   0.237333E-06   0.291251E-05
   0.587999E-01   0.000000E+00   0.000000E+00
   0.591999E-01   0.000000E+00   0.000000E+00
   0.595999E-01   0.984557E-06   0.157921E-03
   0.599999E-01   0.165099E-04   0.358742E-03
   0.603999E-01   0.127729E-03   0.711188E-03
   0.607999E-01   0.726480E-03   0.124696E-02
   0.611999E-01   0.329079E-02   0.199495E-02
   0.615999E-01   0.111030E-01   0.297988E-02
   0.619999E-01   0.310622E-01   0.420920E-02
   0.623999E-01   0.682432E-01   0.567677E-02
   0.627999E-01   0.125706E+00   0.740971E-02
   0.631999E-01   0.201265E+00   0.926565E-02
   0.635999E-01   0.295117E+00   0.111042E-01
   0.639999E-01   0.414778E+00   0.127970E-01
   0.643999E-01   0.569535E+00   0.142583E-01
   0.647999E-01   0.754223E+00   0.154250E-01
   0.651999E-01   0.949855E+00   0.163915E-01
   0.655999E-01   0.113210E+01   0.172147E-01
   0.659999E-01   0.128714E+01   0.176834E-01
   0.663999E-01   0.142204E+01   0.178109E-01
   0.667999E-01   0.154644E+01   0.177036E-01
   0.671999E-01   0.165343E+01   0.172764E-01
   0.675999E-01   0.172739E+01   0.167740E-01
   0.679999E-01   0.175926E+01   0.164685E-01
   0.683999E-01   0.178331E+01   0.160880E-01
   0.687999E-01   0.176308E+01   0.153246E-01
   0.691999E-01   0.172394E+01   0.145335E-01
   0.695999E-01   0.167333E+01   0.137238E-01
   0.699999E-01   0.160929E+01   0.129092E-01
   0.703999E-01   0.153577E+01   0.121353E-01
   0.707999E-01   0.145890E+01   0.114497E-01
   0.711999E-01   0.138196E+01   0.109241E-01
   0.715999E-01   0.130479E+01   0.105118E-01
   0.719999E-01   0.123072E+01   0.100951E-01
   0.723999E-01   0.116251E+01   0.954238E-02
   0.727999E-01   0.110779E+01   0.875891E-02
   0.731999E-01   0.106560E+01   0.779320E-02
   0.735999E-01   0.102994E+01   0.683614E-02
   0.739999E-01   0.992841E+00   0.608860E-02
   0.743999E-01   0.944664E+00   0.566911E-02
   0.747999E-01   0.877597E+00   0.552025E-02
   0.751999E-01   0.793472E+00   0.548018E-02
   0.755999E-01   0.704566E+00   0.546341E-02
   0.759999E-01   0.627574E+00   0.537122E-02
   0.763999E-01   0.576512E+00   0.515206E-02
   0.767999E-01   0.552295E+00   0.505168E-02
   0.771999E-01   0.544845E+00   0.486677E-02
   0.775999E-01   0.542664E+00   0.542663E-06
   0.779999E-01   0.538915E+00   0.538915E-06
   0.783999E-01   0.526558E+00   0.526558E-06
   0.787999E-01   0.509620E+00   0.509620E-06
   0.791999E-01   0.503735E+00   0.503735E-06
   0.795999E-01   0.503735E+00   0.503735E-06
   0.799999E-01   0.000000E+00   0.000000E+00
