   0.000000E+00   0.000000E+00   0.000000E+00
   0.400000E-03   0.418795E-01   0.418795E-03
   0.800000E-03   0.887899E-01   0.887898E-03
   0.120000E-02   0.211161E+00   0.211161E-02
   0.160000E-02   0.343320E+00   0.343320E-02
   0.200000E-02   0.544002E+00   0.544002E-02
   0.240000E-02   0.759017E+00   0.759017E-02
   0.280000E-02   0.103615E+01   0.103615E-01
   0.320000E-02   0.133855E+01   0.133855E-01
   0.360000E-02   0.171676E+01   0.171676E-01
   0.400000E-02   0.213132E+01   0.213132E-01
   0.440000E-02   0.262586E+01   0.262586E-01
   0.480000E-02   0.315998E+01   0.315998E-01
   0.520000E-02   0.376006E+01   0.376006E-01
   0.560000E-02   0.441321E+01   0.441321E-01
   0.600000E-02   0.513460E+01   0.513460E-01
   0.640000E-02   0.595738E+01   0.595738E-01
   0.680000E-02   0.688155E+01   0.688154E-01
   0.720000E-02   0.795044E+01   0.795044E-01
   0.760000E-02   0.913189E+01   0.913189E-01
   0.800000E-02   0.105936E+02   0.105936E+00
   0.840000E-02   0.122234E+02   0.122234E+00
   0.880000E-02   0.142416E+02   0.142416E+00
   0.920000E-02   0.164363E+02   0.164363E+00
   0.960000E-02   0.194215E+02   0.194215E+00
   0.100000E-01   0.226703E+02   0.226703E+00
   0.104000E-01   0.283232E+02   0.283232E+00
   0.108000E-01   0.345311E+02   0.345311E+00
   0.112000E-01   0.799721E+02   0.799721E+00
   0.116000E-01   0.131018E+03   0.131018E+01
   0.120000E-01   0.150294E+03   0.150294E+01
   0.124000E-01   0.167452E+03   0.167452E+01
   0.128000E-01   0.131026E+03   0.131026E+01
   0.132000E-01   0.958134E+02   0.958134E+00
   0.136000E-01   0.788201E+02   0.788201E+00
   0.140000E-01   0.624630E+02   0.624630E+00
   0.144000E-01   0.505602E+02   0.505602E+00
   0.148000E-01   0.405270E+02   0.405270E+00
   0.152000E-01   0.385960E+02   0.385960E+00
   0.156000E-01   0.375305E+02   0.375305E+00
   0.160000E-01   0.390612E+02   0.390612E+00
   0.164000E-01   0.405919E+02   0.405919E+00
   0.168000E-01   0.409681E+02   0.409681E+00
   0.172000E-01   0.394920E+02   0.394920E+00
   0.176000E-01   0.376742E+02   0.376742E+00
   0.180000E-01   0.356725E+02   0.356725E+00
   0.184000E-01   0.391862E+02   0.391862E+00
   0.188000E-01   0.472914E+02   0.472914E+00
   0.192000E-01   0.737607E+02   0.737606E+00
   0.196000E-01   0.927153E+02   0.927153E+00
   0.200000E-01   0.102409E+03   0.102409E+01
   0.204000E-01   0.864623E+02   0.864623E+00
   0.208000E-01   0.602427E+02   0.602427E+00
   0.212000E-01   0.420294E+02   0.420294E+00
   0.216000E-01   0.271018E+02   0.271018E+00
   0.220000E-01   0.217461E+02   0.217461E+00
   0.224000E-01   0.182117E+02   0.182117E+00
   0.228000E-01   0.164133E+02   0.164133E+00
   0.232000E-01   0.162408E+02   0.162408E+00
   0.236000E-01   0.164345E+02   0.164345E+00
   0.240000E-01   0.144984E+02   0.144984E+00
   0.244000E-01   0.120073E+02   0.120073E+00
   0.248000E-01   0.828039E+01   0.828039E-01
   0.252000E-01   0.628066E+01   0.628066E-01
   0.256000E-01   0.555250E+01   0.555250E-01
   0.260000E-01   0.482435E+01   0.482435E-01
   0.264000E-01   0.409620E+01   0.409620E-01
   0.268000E-01   0.400207E+01   0.400207E-01
   0.272000E-01   0.399494E+01   0.399494E-01
   0.276000E-01   0.412190E+01   0.412190E-01
   0.280000E-01   0.434545E+01   0.434545E-01
   0.284000E-01   0.469294E+01   0.469294E-01
   0.288000E-01   0.535009E+01   0.535009E-01
   0.292000E-01   0.614058E+01   0.614058E-01
   0.296000E-01   0.748253E+01   0.748253E-01
   0.300000E-01   0.871923E+01   0.871923E-01
   0.304000E-01   0.950367E+01   0.950367E-01
   0.308000E-01   0.975515E+01   0.975515E-01
   0.312000E-01   0.943318E+01   0.943318E-01
   0.316000E-01   0.865713E+01   0.865713E-01
   0.320000E-01   0.772373E+01   0.772373E-01
   0.324000E-01   0.677528E+01   0.677528E-01
   0.328000E-01   0.594137E+01   0.594137E-01
   0.332000E-01   0.542557E+01   0.542556E-01
   0.336000E-01   0.498403E+01   0.498403E-01
   0.340000E-01   0.460957E+01   0.460957E-01
   0.344000E-01   0.430553E+01   0.430553E-01
   0.348000E-01   0.402315E+01   0.402315E-01
   0.352000E-01   0.379121E+01   0.379121E-01
   0.356000E-01   0.357106E+01   0.357106E-01
   0.360000E-01   0.337734E+01   0.337734E-01
   0.364000E-01   0.319851E+01   0.319851E-01
   0.368000E-01   0.303096E+01   0.303096E-01
   0.372000E-01   0.289206E+01   0.289206E-01
   0.376000E-01   0.276106E+01   0.276106E-01
   0.380000E-01   0.265039E+01   0.265039E-01
   0.384000E-01   0.254134E+01   0.254134E-01
   0.388000E-01   0.243526E+01   0.243526E-01
   0.392000E-01   0.234463E+01   0.234463E-01
   0.396000E-01   0.226375E+01   0.226375E-01
   0.400000E-01   0.219197E+01   0.219197E-01
   0.404000E-01   0.212100E+01   0.212100E-01
   0.408000E-01   0.204678E+01   0.204678E-01
   0.412000E-01   0.197372E+01   0.197372E-01
   0.416000E-01   0.190244E+01   0.190244E-01
   0.420000E-01   0.182772E+01   0.182772E-01
   0.424000E-01   0.175120E+01   0.175120E-01
   0.428000E-01   0.163371E+01   0.163371E-01
   0.432000E-01   0.151976E+01   0.151976E-01
   0.436000E-01   0.143885E+01   0.143885E-01
   0.440000E-01   0.131959E+01   0.131959E-01
   0.444000E-01   0.115149E+01   0.115149E-01
   0.447999E-01   0.905672E+00   0.905672E-02
   0.451999E-01   0.626678E+00   0.626678E-02
   0.455999E-01   0.499499E+00   0.499499E-02
   0.460000E-01   0.397992E+00   0.397992E-02
   0.464000E-01   0.365008E+00   0.365008E-02
   0.468000E-01   0.327770E+00   0.327770E-02
   0.471999E-01   0.285994E+00   0.285994E-02
   0.475999E-01   0.251322E+00   0.251322E-02
   0.479999E-01   0.219149E+00   0.219149E-02
   0.484000E-01   0.197971E+00   0.197971E-02
   0.488000E-01   0.182577E+00   0.182577E-02
   0.491999E-01   0.183100E+00   0.183100E-02
   0.495999E-01   0.189610E+00   0.189610E-02
   0.499999E-01   0.201479E+00   0.201479E-02
   0.503999E-01   0.217661E+00   0.217661E-02
   0.507999E-01   0.235627E+00   0.235627E-02
   0.511999E-01   0.265715E+00   0.265715E-02
   0.515999E-01   0.297369E+00   0.297369E-02
   0.519999E-01   0.332504E+00   0.332504E-02
   0.523999E-01   0.369803E+00   0.369803E-02
   0.527999E-01   0.408727E+00   0.408727E-02
   0.531999E-01   0.451244E+00   0.451244E-02
   0.535999E-01   0.494923E+00   0.494923E-02
   0.539999E-01   0.542861E+00   0.542861E-02
   0.543999E-01   0.597535E+00   0.597535E-02
   0.547999E-01   0.664499E+00   0.664499E-02
   0.551999E-01   0.754954E+00   0.754954E-02
   0.555999E-01   0.860102E+00   0.860102E-02
   0.559999E-01   0.919110E+00   0.919110E-02
   0.563999E-01   0.955449E+00   0.955449E-02
   0.567999E-01   0.890218E+00   0.890218E-02
   0.571999E-01   0.759760E+00   0.759760E-02
   0.575999E-01   0.530715E+00   0.530715E-02
   0.579999E-01   0.309166E+00   0.309166E-02
   0.583999E-01   0.914931E-01   0.914931E-03
   0.587999E-01   0.348851E-01   0.348851E-03
   0.591999E-01   0.000000E+00   0.000000E+00
   0.595999E-01   0.000000E+00   0.000000E+00
   0.599999E-01   0.000000E+00   0.000000E+00
   0.603999E-01   0.000000E+00   0.000000E+00
   0.607999E-01   0.000000E+00   0.000000E+00
   0.611999E-01   0.000000E+00   0.000000E+00
   0.615999E-01   0.000000E+00   0.000000E+00
   0.619999E-01   0.000000E+00   0.000000E+00
   0.623999E-01   0.000000E+00   0.000000E+00
   0.627999E-01   0.000000E+00   0.000000E+00
   0.631999E-01   0.000000E+00   0.000000E+00
   0.635999E-01   0.000000E+00   0.000000E+00
   0.639999E-01   0.882216E-04   0.882216E-06
   0.643999E-01   0.114911E-01   0.114911E-03
   0.647999E-01   0.395012E-01   0.395012E-03
   0.651999E-01   0.112757E+00   0.112757E-02
   0.655999E-01   0.215009E+00   0.215009E-02
   0.659999E-01   0.343022E+00   0.343022E-02
   0.663999E-01   0.494857E+00   0.494857E-02
   0.667999E-01   0.659179E+00   0.659179E-02
   0.671999E-01   0.937204E+00   0.937204E-02
   0.675999E-01   0.124762E+01   0.124762E-01
   0.679999E-01   0.162937E+01   0.162937E-01
   0.683999E-01   0.194432E+01   0.194432E-01
   0.687999E-01   0.220955E+01   0.220955E-01
   0.691999E-01   0.239927E+01   0.239927E-01
   0.695999E-01   0.258208E+01   0.258208E-01
   0.699999E-01   0.284161E+01   0.284161E-01
   0.703999E-01   0.304566E+01   0.304566E-01
   0.707999E-01   0.314950E+01   0.314950E-01
   0.711999E-01   0.313963E+01   0.313963E-01
   0.715999E-01   0.305922E+01   0.305922E-01
   0.719999E-01   0.300460E+01   0.300460E-01
   0.723999E-01   0.294710E+01   0.294710E-01
   0.727999E-01   0.284967E+01   0.284967E-01
   0.731999E-01   0.271224E+01   0.271224E-01
   0.735999E-01   0.251481E+01   0.251481E-01
   0.739999E-01   0.232488E+01   0.232488E-01
   0.743999E-01   0.213880E+01   0.213880E-01
   0.747999E-01   0.201887E+01   0.201887E-01
   0.751999E-01   0.190860E+01   0.190860E-01
   0.755999E-01   0.181651E+01   0.181651E-01
   0.759999E-01   0.173199E+01   0.173199E-01
   0.763999E-01   0.165699E+01   0.165699E-01
   0.767999E-01   0.160159E+01   0.160159E-01
   0.771999E-01   0.155441E+01   0.155441E-01
   0.775999E-01   0.153807E+01   0.153807E-01
   0.779999E-01   0.152799E+01   0.152799E-01
   0.783999E-01   0.153563E+01   0.153563E-01
   0.787999E-01   0.148909E+01   0.148909E-01
   0.791999E-01   0.138564E+01   0.138564E-01
   0.795999E-01   0.115871E+01   0.115871E-01
   0.799999E-01   0.000000E+00   0.000000E+00
