   0.000000E+00   0.000000E+00   0.000000E+00
   0.400000E-03   0.704462E-01   0.704462E-03
   0.800000E-03   0.170520E+00   0.170520E-02
   0.120000E-02   0.354508E+00   0.354508E-02
   0.160000E-02   0.604724E+00   0.604723E-02
   0.200000E-02   0.915605E+00   0.915605E-02
   0.240000E-02   0.131911E+01   0.131911E-01
   0.280000E-02   0.175516E+01   0.175516E-01
   0.320000E-02   0.234104E+01   0.234104E-01
   0.360000E-02   0.298185E+01   0.298185E-01
   0.400000E-02   0.374796E+01   0.374796E-01
   0.440000E-02   0.460656E+01   0.460656E-01
   0.480000E-02   0.553618E+01   0.553618E-01
   0.520000E-02   0.662108E+01   0.662108E-01
   0.560000E-02   0.776608E+01   0.776607E-01
   0.600000E-02   0.919780E+01   0.919780E-01
   0.640000E-02   0.107683E+02   0.107683E+00
   0.680000E-02   0.125980E+02   0.125980E+00
   0.720000E-02   0.148514E+02   0.148514E+00
   0.760000E-02   0.173762E+02   0.173762E+00
   0.800000E-02   0.206623E+02   0.206623E+00
   0.840000E-02   0.242764E+02   0.242764E+00
   0.880000E-02   0.293090E+02   0.293090E+00
   0.920000E-02   0.579443E+02   0.579443E+00
   0.960000E-02   0.865796E+02   0.865796E+00
   0.100000E-01   0.115215E+03   0.115215E+01
   0.104000E-01   0.143851E+03   0.143851E+01
   0.108000E-01   0.168716E+03   0.168716E+01
   0.112000E-01   0.178346E+03   0.178346E+01
   0.116000E-01   0.133202E+03   0.133202E+01
   0.120000E-01   0.979562E+02   0.979562E+00
   0.124000E-01   0.755076E+02   0.755076E+00
   0.128000E-01   0.625501E+02   0.625501E+00
   0.132000E-01   0.537162E+02   0.537162E+00
   0.136000E-01   0.518786E+02   0.518786E+00
   0.140000E-01   0.505082E+02   0.505082E+00
   0.144000E-01   0.497118E+02   0.497118E+00
   0.148000E-01   0.487759E+02   0.487759E+00
   0.152000E-01   0.476891E+02   0.476891E+00
   0.156000E-01   0.462517E+02   0.462517E+00
   0.160000E-01   0.447060E+02   0.447060E+00
   0.164000E-01   0.507912E+02   0.507912E+00
   0.168000E-01   0.576771E+02   0.576770E+00
   0.172000E-01   0.668089E+02   0.668089E+00
   0.176000E-01   0.756908E+02   0.756908E+00
   0.180000E-01   0.843456E+02   0.843457E+00
   0.184000E-01   0.780262E+02   0.780262E+00
   0.188000E-01   0.674059E+02   0.674059E+00
   0.192000E-01   0.527543E+02   0.527543E+00
   0.196000E-01   0.393019E+02   0.393019E+00
   0.200000E-01   0.285610E+02   0.285610E+00
   0.204000E-01   0.213835E+02   0.213835E+00
   0.208000E-01   0.169211E+02   0.169211E+00
   0.212000E-01   0.151274E+02   0.151274E+00
   0.216000E-01   0.139684E+02   0.139684E+00
   0.220000E-01   0.136446E+02   0.136446E+00
   0.224000E-01   0.125986E+02   0.125986E+00
   0.228000E-01   0.102136E+02   0.102136E+00
   0.232000E-01   0.751261E+01   0.751261E-01
   0.236000E-01   0.461083E+01   0.461083E-01
   0.240000E-01   0.302889E+01   0.302889E-01
   0.244000E-01   0.178870E+01   0.178870E-01
   0.248000E-01   0.151444E+01   0.151444E-01
   0.252000E-01   0.135767E+01   0.135767E-01
   0.256000E-01   0.138141E+01   0.138141E-01
   0.260000E-01   0.145582E+01   0.145582E-01
   0.264000E-01   0.155688E+01   0.155688E-01
   0.268000E-01   0.179176E+01   0.179176E-01
   0.272000E-01   0.207613E+01   0.207613E-01
   0.276000E-01   0.253355E+01   0.253355E-01
   0.280000E-01   0.292468E+01   0.292468E-01
   0.284000E-01   0.323075E+01   0.323075E-01
   0.288000E-01   0.324839E+01   0.324839E-01
   0.292000E-01   0.314176E+01   0.314176E-01
   0.296000E-01   0.281305E+01   0.281305E-01
   0.300000E-01   0.247952E+01   0.247952E-01
   0.304000E-01   0.216185E+01   0.216185E-01
   0.308000E-01   0.191304E+01   0.191304E-01
   0.312000E-01   0.173832E+01   0.173832E-01
   0.316000E-01   0.159990E+01   0.159990E-01
   0.320000E-01   0.147417E+01   0.147417E-01
   0.324000E-01   0.137813E+01   0.137813E-01
   0.328000E-01   0.128688E+01   0.128688E-01
   0.332000E-01   0.120895E+01   0.120895E-01
   0.336000E-01   0.113764E+01   0.113764E-01
   0.340000E-01   0.107230E+01   0.107230E-01
   0.344000E-01   0.101624E+01   0.101624E-01
   0.348000E-01   0.963214E+00   0.963214E-02
   0.352000E-01   0.920286E+00   0.920286E-02
   0.356000E-01   0.878620E+00   0.878620E-02
   0.360000E-01   0.839779E+00   0.839779E-02
   0.364000E-01   0.805190E+00   0.805190E-02
   0.368000E-01   0.773817E+00   0.773817E-02
   0.372000E-01   0.746822E+00   0.746822E-02
   0.376000E-01   0.720665E+00   0.720665E-02
   0.380000E-01   0.693948E+00   0.693948E-02
   0.384000E-01   0.667529E+00   0.667530E-02
   0.388000E-01   0.641655E+00   0.641656E-02
   0.392000E-01   0.613650E+00   0.613650E-02
   0.396000E-01   0.584302E+00   0.584302E-02
   0.400000E-01   0.544497E+00   0.544497E-02
   0.404000E-01   0.503793E+00   0.503793E-02
   0.408000E-01   0.466998E+00   0.466998E-02
   0.412000E-01   0.415841E+00   0.415841E-02
   0.416000E-01   0.342781E+00   0.342781E-02
   0.420000E-01   0.265438E+00   0.265438E-02
   0.424000E-01   0.185860E+00   0.185860E-02
   0.428000E-01   0.152008E+00   0.152008E-02
   0.432000E-01   0.125148E+00   0.125148E-02
   0.436000E-01   0.111602E+00   0.111602E-02
   0.440000E-01   0.982464E-01   0.982464E-03
   0.444000E-01   0.851309E-01   0.851309E-03
   0.447999E-01   0.748350E-01   0.748350E-03
   0.451999E-01   0.657477E-01   0.657477E-03
   0.455999E-01   0.633907E-01   0.633908E-03
   0.460000E-01   0.625191E-01   0.625191E-03
   0.464000E-01   0.658960E-01   0.658960E-03
   0.468000E-01   0.705232E-01   0.705232E-03
   0.471999E-01   0.764872E-01   0.764872E-03
   0.475999E-01   0.858049E-01   0.858050E-03
   0.479999E-01   0.962868E-01   0.962868E-03
   0.484000E-01   0.109007E+00   0.109007E-02
   0.488000E-01   0.122139E+00   0.122139E-02
   0.491999E-01   0.136393E+00   0.136393E-02
   0.495999E-01   0.151541E+00   0.151541E-02
   0.499999E-01   0.167492E+00   0.167492E-02
   0.503999E-01   0.185876E+00   0.185876E-02
   0.507999E-01   0.205384E+00   0.205384E-02
   0.511999E-01   0.233956E+00   0.233956E-02
   0.515999E-01   0.263200E+00   0.263200E-02
   0.519999E-01   0.293935E+00   0.293935E-02
   0.523999E-01   0.307015E+00   0.307015E-02
   0.527999E-01   0.306837E+00   0.306837E-02
   0.531999E-01   0.261693E+00   0.261693E-02
   0.535999E-01   0.205039E+00   0.205039E-02
   0.539999E-01   0.124611E+00   0.124611E-02
   0.543999E-01   0.593998E-01   0.593997E-03
   0.547999E-01   0.219469E-01   0.219469E-03
   0.551999E-01   0.486545E-02   0.486545E-04
   0.555999E-01   0.537056E-03   0.537056E-05
   0.559999E-01   0.000000E+00   0.000000E+00
   0.563999E-01   0.000000E+00   0.000000E+00
   0.567999E-01   0.000000E+00   0.000000E+00
   0.571999E-01   0.000000E+00   0.000000E+00
   0.575999E-01   0.000000E+00   0.000000E+00
   0.579999E-01   0.000000E+00   0.000000E+00
   0.583999E-01   0.000000E+00   0.000000E+00
   0.587999E-01   0.122604E-07   0.122604E-09
   0.591999E-01   0.141527E-03   0.141527E-05
   0.595999E-01   0.924897E-03   0.924897E-05
   0.599999E-01   0.572348E-02   0.572348E-04
   0.603999E-01   0.156001E-01   0.156001E-03
   0.607999E-01   0.416627E-01   0.416627E-03
   0.611999E-01   0.745792E-01   0.745792E-03
   0.615999E-01   0.124497E+00   0.124497E-02
   0.619999E-01   0.181012E+00   0.181012E-02
   0.623999E-01   0.258100E+00   0.258100E-02
   0.627999E-01   0.356157E+00   0.356157E-02
   0.631999E-01   0.476445E+00   0.476445E-02
   0.635999E-01   0.591318E+00   0.591318E-02
   0.639999E-01   0.704062E+00   0.704062E-02
   0.643999E-01   0.778357E+00   0.778357E-02
   0.647999E-01   0.855654E+00   0.855655E-02
   0.651999E-01   0.941144E+00   0.941144E-02
   0.655999E-01   0.100735E+01   0.100735E-01
   0.659999E-01   0.105640E+01   0.105640E-01
   0.663999E-01   0.105095E+01   0.105095E-01
   0.667999E-01   0.103107E+01   0.103107E-01
   0.671999E-01   0.101182E+01   0.101182E-01
   0.675999E-01   0.986858E+00   0.986858E-02
   0.679999E-01   0.949377E+00   0.949377E-02
   0.683999E-01   0.892788E+00   0.892788E-02
   0.687999E-01   0.821959E+00   0.821959E-02
   0.691999E-01   0.758393E+00   0.758393E-02
   0.695999E-01   0.698450E+00   0.698450E-02
   0.699999E-01   0.659241E+00   0.659241E-02
   0.703999E-01   0.622868E+00   0.622868E-02
   0.707999E-01   0.591626E+00   0.591626E-02
   0.711999E-01   0.565415E+00   0.565415E-02
   0.715999E-01   0.542331E+00   0.542331E-02
   0.719999E-01   0.529279E+00   0.529279E-02
   0.723999E-01   0.519091E+00   0.519091E-02
   0.727999E-01   0.518006E+00   0.518006E-02
   0.731999E-01   0.508775E+00   0.508775E-02
   0.735999E-01   0.487315E+00   0.487315E-02
   0.739999E-01   0.428914E+00   0.428914E-02
   0.743999E-01   0.351537E+00   0.351537E-02
   0.747999E-01   0.240464E+00   0.240464E-02
   0.751999E-01   0.133573E+00   0.133573E-02
   0.755999E-01   0.582349E-01   0.582349E-03
   0.759999E-01   0.121852E-01   0.121852E-03
   0.763999E-01   0.287726E-02   0.287726E-04
   0.767999E-01   0.754961E-04   0.754961E-06
   0.771999E-01   0.251777E-05   0.251777E-07
   0.775999E-01   0.000000E+00   0.000000E+00
   0.779999E-01   0.000000E+00   0.000000E+00
   0.783999E-01   0.000000E+00   0.000000E+00
   0.787999E-01   0.000000E+00   0.000000E+00
   0.791999E-01   0.000000E+00   0.000000E+00
   0.795999E-01   0.000000E+00   0.000000E+00
   0.799999E-01   0.000000E+00   0.000000E+00
